C;01;01;3;   0;     0;     0;     0;    30;0.003;  0.0;Tue May 30 20:38:14 2017
C;01;01;3;   0;    10;    10;    10;    20;0.003;  0.0;Tue May 30 20:38:24 2017
C;01;01;3;   0;    20;    20;    20;    10;0.002;  0.0;Tue May 30 20:38:34 2017
C;01;01;3;   0;    30;    30;    30;     0;0.002;  0.0;Tue May 30 20:38:44 2017
C;01;02;3;  50;    40;     9;    40;    21;0.339;  0.0;Tue May 30 20:38:54 2017
C;01;02;3;  50;    50;    19;    50;    11;0.339;  0.0;Tue May 30 20:39:04 2017
C;01;02;3;  50;    60;    29;    60;     1;0.338;  0.0;Tue May 30 20:39:14 2017
C;01;03;3; 100;    70;     8;    70;    22;0.680;  0.0;Tue May 30 20:39:24 2017
C;01;03;3; 100;    80;    18;    80;    12;0.681;  0.0;Tue May 30 20:39:34 2017
C;01;03;3; 100;    90;    28;    90;     2;0.680;  0.0;Tue May 30 20:39:44 2017
C;01;04;3; 150;   100;     7;   100;    23;1.026;  0.3;Tue May 30 20:39:54 2017
C;01;04;3; 150;   110;    17;   110;    13;1.026;  0.7;Tue May 30 20:40:04 2017
C;01;04;3; 150;   120;    27;   120;     3;1.025;  1.2;Tue May 30 20:40:14 2017
C;01;05;3; 200;   130;     6;   130;    24;1.367;  1.7;Tue May 30 20:40:24 2017
C;01;05;3; 200;   140;    16;   140;    14;1.369;  2.2;Tue May 30 20:40:34 2017
C;01;05;3; 200;   150;    26;   150;     4;1.369;  2.8;Tue May 30 20:40:44 2017
C;01;06;3; 250;   160;     5;   160;    25;1.713;  3.4;Tue May 30 20:40:54 2017
C;01;06;3; 250;   170;    15;   170;    15;1.716;  4.1;Tue May 30 20:41:04 2017
C;01;06;3; 250;   180;    25;   180;     5;1.717;  4.8;Tue May 30 20:41:14 2017
C;01;07;3; 300;   190;     4;   190;    26;2.063;  5.5;Tue May 30 20:41:24 2017
C;01;07;3; 300;   210;    24;   210;     6;2.069;  7.2;Tue May 30 20:41:44 2017
C;01;08;3; 350;   220;     3;   220;    27;2.419;  8.1;Tue May 30 20:41:54 2017
C;01;08;3; 350;   230;    13;   230;    17;2.424;  9.0;Tue May 30 20:42:04 2017
C;01;08;3; 350;   240;    23;   240;     7;2.426; 10.0;Tue May 30 20:42:14 2017
C;01;01;3;   0;     0;     0;     0;    60;0.003;  0.0;Tue May 30 20:45:20 2017
C;01;01;3;   0;    10;    10;    10;    50;0.003;  0.0;Tue May 30 20:45:30 2017
C;01;01;3;   0;    20;    20;    20;    40;0.002;  0.0;Tue May 30 20:45:40 2017
C;01;01;3;   0;    30;    30;    30;    30;0.002;  0.0;Tue May 30 20:45:50 2017
C;01;01;3;   0;    40;    40;    40;    20;0.003;  0.0;Tue May 30 20:46:00 2017
C;01;01;3;   0;    50;    50;    50;    10;0.002;  0.0;Tue May 30 20:46:10 2017
C;01;01;3;   0;    60;    60;    60;     0;0.002;  0.0;Tue May 30 20:46:20 2017
C;01;02;3;  50;    70;     9;    70;    51;0.338;  0.0;Tue May 30 20:46:30 2017
C;01;02;3;  50;    80;    19;    80;    41;0.338;  0.0;Tue May 30 20:46:40 2017
C;01;02;3;  50;    90;    29;    90;    31;0.337;  0.0;Tue May 30 20:46:50 2017
C;01;02;3;  50;   100;    39;   100;    21;0.339;  0.0;Tue May 30 20:47:00 2017
C;01;02;3;  50;   110;    49;   110;    11;0.338;  0.0;Tue May 30 20:47:10 2017
C;01;02;3;  50;   120;    59;   120;     1;0.338;  0.0;Tue May 30 20:47:20 2017
C;01;03;3; 100;   130;     8;   130;    52;0.680;  0.0;Tue May 30 20:47:30 2017
C;01;03;3; 100;   140;    18;   140;    42;0.679;  0.0;Tue May 30 20:47:40 2017
C;01;03;3; 100;   150;    28;   150;    32;0.680;  0.0;Tue May 30 20:47:50 2017
C;01;03;3; 100;   160;    38;   160;    22;0.681;  0.0;Tue May 30 20:48:00 2017
C;01;03;3; 100;   170;    48;   170;    12;0.679;  0.0;Tue May 30 20:48:10 2017
C;01;03;3; 100;   180;    58;   180;     2;0.680;  0.0;Tue May 30 20:48:20 2017
C;01;04;3; 150;   190;     7;   190;    53;1.025;  0.3;Tue May 30 20:48:30 2017
C;01;04;3; 150;   200;    17;   200;    43;1.025;  0.7;Tue May 30 20:48:40 2017
C;01;04;3; 150;   210;    27;   210;    33;1.026;  1.2;Tue May 30 20:48:50 2017
C;01;04;3; 150;   220;    37;   220;    23;1.026;  1.6;Tue May 30 20:49:00 2017
C;01;04;3; 150;   230;    47;   230;    13;1.025;  2.0;Tue May 30 20:49:10 2017
C;01;04;3; 150;   240;    57;   240;     3;1.027;  2.4;Tue May 30 20:49:20 2017
C;01;05;3; 200;   250;     6;   250;    54;1.369;  2.9;Tue May 30 20:49:30 2017
C;01;05;3; 200;   260;    16;   260;    44;1.368;  3.5;Tue May 30 20:49:40 2017
C;01;05;3; 200;   270;    26;   270;    34;1.370;  4.0;Tue May 30 20:49:50 2017
C;01;05;3; 200;   280;    36;   280;    24;1.370;  4.6;Tue May 30 20:50:00 2017
C;01;05;3; 200;   290;    46;   290;    14;1.370;  5.1;Tue May 30 20:50:10 2017
C;01;05;3; 200;   300;    56;   300;     4;1.372;  5.7;Tue May 30 20:50:20 2017
C;01;06;3; 250;   310;     5;   310;    55;1.714;  6.3;Tue May 30 20:50:30 2017
C;01;06;3; 250;   330;    25;   330;    35;1.718;  7.7;Tue May 30 20:50:50 2017
C;01;06;3; 250;   340;    35;   340;    25;1.717;  8.4;Tue May 30 20:51:00 2017
C;01;06;3; 250;   350;    45;   350;    15;1.719;  9.1;Tue May 30 20:51:10 2017
C;01;06;3; 250;   360;    55;   360;     5;1.720;  9.8;Tue May 30 20:51:20 2017
C;01;07;3; 300;   370;     4;   370;    56;2.066; 10.5;Tue May 30 20:51:30 2017
C;01;07;3; 300;   380;    14;   380;    46;2.069; 11.4;Tue May 30 20:51:40 2017
C;01;07;3; 300;   390;    24;   390;    36;2.071; 12.2;Tue May 30 20:51:50 2017
C;01;07;3; 300;   400;    34;   400;    26;2.071; 13.0;Tue May 30 20:52:00 2017
C;01;07;3; 300;   410;    44;   410;    16;2.074; 13.9;Tue May 30 20:52:10 2017
C;01;07;3; 300;   420;    54;   420;     6;2.074; 14.7;Tue May 30 20:52:20 2017
C;01;08;3; 350;   430;     3;   430;    57;2.422; 15.6;Tue May 30 20:52:30 2017
C;01;08;3; 350;   450;    23;   450;    37;2.428; 17.5;Tue May 30 20:52:50 2017
C;01;08;3; 350;   460;    33;   460;    27;2.431; 18.5;Tue May 30 20:53:00 2017
C;01;08;3; 350;   470;    43;   470;    17;2.432; 19.5;Tue May 30 20:53:10 2017
C;01;08;3; 350;   480;    53;   480;     7;2.432; 20.4;Tue May 30 20:53:20 2017
C;01;01;3;   0;     0;     0;     0;    60;0.005;  0.0;Tue May 30 20:56:09 2017
C;01;01;3;   0;    20;    20;    20;    40;0.005;  0.0;Tue May 30 20:56:29 2017
C;01;01;3;   0;    30;    30;    30;    30;0.004;  0.0;Tue May 30 20:56:39 2017
C;01;01;3;   0;    40;    40;    40;    20;0.005;  0.0;Tue May 30 20:56:49 2017
C;01;01;3;   0;    50;    50;    50;    10;0.004;  0.0;Tue May 30 20:56:59 2017
C;01;01;3;   0;    60;    60;    60;     0;0.004;  0.0;Tue May 30 20:57:09 2017
C;01;02;3;  50;    70;     9;    70;    51;0.339;  0.0;Tue May 30 20:57:19 2017
C;01;02;3;  50;    80;    19;    80;    41;0.337;  0.0;Tue May 30 20:57:29 2017
C;01;02;3;  50;    90;    29;    90;    31;0.338;  0.0;Tue May 30 20:57:39 2017
C;01;03;3; 100;   100;     2;   100;    58;0.678;  0.0;Tue May 30 20:57:49 2017
C;01;03;3; 100;   110;    12;   110;    48;0.679;  0.0;Tue May 30 20:57:59 2017
C;01;03;3; 100;   120;    22;   120;    38;0.679;  0.0;Tue May 30 20:58:09 2017
C;01;04;3; 150;   130;     4;   130;    56;1.022;  0.2;Tue May 30 20:58:19 2017
C;01;04;3; 150;   140;    14;   140;    46;1.023;  0.6;Tue May 30 20:58:29 2017
C;01;05;3; 200;   150;     5;   150;    55;1.362;  1.1;Tue May 30 20:58:39 2017
C;01;05;3; 200;   160;    15;   160;    45;1.363;  1.7;Tue May 30 20:58:49 2017
C;01;06;3; 250;   170;     7;   170;    53;1.707;  2.3;Tue May 30 20:58:59 2017
C;01;06;3; 250;   180;    17;   180;    43;1.708;  3.0;Tue May 30 20:59:09 2017
C;01;07;3; 300;   190;     6;   190;    54;2.054;  3.8;Tue May 30 20:59:19 2017
C;01;07;3; 300;   200;    16;   200;    44;2.059;  4.6;Tue May 30 20:59:29 2017
C;01;07;3; 300;   210;    26;   210;    34;2.060;  5.4;Tue May 30 20:59:39 2017
C;01;08;3; 350;   220;     7;   220;    53;2.410;  6.4;Tue May 30 20:59:49 2017
