D;01;01;3;   0;     0;     0;     0;    30;0.000;  0.0;Tue May 30 19:25:30 2017
D;01;01;3;   0;    10;    10;    10;    20;0.000;  0.0;Tue May 30 19:25:40 2017
D;01;01;3;   0;    20;    20;    20;    10;0.000;  0.0;Tue May 30 19:25:50 2017
D;01;01;3;   0;    30;    30;    30;     0;0.000;  0.0;Tue May 30 19:26:00 2017
D;01;02;3;  50;    40;     9;    40;    21;0.000;  0.0;Tue May 30 19:26:10 2017
D;01;02;3;  50;    50;    19;    50;    11;0.000;  0.0;Tue May 30 19:26:20 2017
D;01;02;3;  50;    60;    29;    60;     1;0.000;  0.0;Tue May 30 19:26:30 2017
D;01;03;3; 100;    70;     8;    70;    22;0.000;  0.0;Tue May 30 19:26:40 2017
D;01;03;3; 100;    80;    18;    80;    12;0.000;  0.0;Tue May 30 19:26:50 2017
D;01;03;3; 100;    90;    28;    90;     2;0.000;  0.0;Tue May 30 19:27:00 2017
D;01;04;3; 150;   100;     7;   100;    23;0.000;  0.0;Tue May 30 19:27:10 2017
D;01;01;3;   0;     0;     0;     0;    30;0.003;  0.0;Tue May 30 19:29:36 2017
D;01;01;3;   0;    10;    10;    10;    20;0.003;  0.0;Tue May 30 19:29:46 2017
D;01;01;3;   0;    20;    20;    20;    10;0.003;  0.0;Tue May 30 19:29:56 2017
D;01;01;3;   0;    30;    30;    30;     0;0.002;  0.0;Tue May 30 19:30:06 2017
D;01;02;3;  50;    40;     9;    40;    21;0.003;  0.0;Tue May 30 19:30:16 2017
D;01;02;3;  50;    50;    19;    50;    11;0.004;  0.0;Tue May 30 19:30:26 2017
D;01;03;3; 100;    70;     8;    70;    22;0.005;  0.0;Tue May 30 19:30:46 2017
D;01;03;3; 100;    80;    18;    80;    12;0.005;  0.0;Tue May 30 19:30:56 2017
D;01;03;3; 100;    90;    28;    90;     2;0.004;  0.0;Tue May 30 19:31:06 2017
D;01;04;3; 150;   100;     7;   100;    23;0.006;  0.0;Tue May 30 19:31:16 2017
D;01;04;3; 150;   110;    17;   110;    13;0.007;  0.0;Tue May 30 19:31:26 2017
D;01;04;3; 150;   120;    27;   120;     3;0.006;  0.0;Tue May 30 19:31:36 2017
D;01;05;3; 200;   130;     6;   130;    24;0.008;  0.0;Tue May 30 19:31:46 2017
D;01;05;3; 200;   140;    16;   140;    14;0.008;  0.0;Tue May 30 19:31:56 2017
D;01;05;3; 200;   150;    26;   150;     4;0.007;  0.0;Tue May 30 19:32:06 2017
D;01;06;3; 250;   160;     5;   160;    25;0.009;  0.0;Tue May 30 19:32:16 2017
D;01;06;3; 250;   170;    15;   170;    15;0.008;  0.0;Tue May 30 19:32:26 2017
C;01;07;3;   0;   190;     4;   190;    26;0.003;  0.0;Tue May 30 19:32:46 2017
C;01;07;3;   0;   200;    14;   200;    16;0.002;  0.0;Tue May 30 19:32:56 2017
C;01;07;3;   0;   210;    24;   210;     6;0.002;  0.0;Tue May 30 19:33:06 2017
C;01;08;3;  50;   220;     3;   220;    27;0.098;  0.0;Tue May 30 19:33:16 2017
C;01;08;3;  50;   230;    13;   230;    17;0.097;  0.0;Tue May 30 19:33:26 2017
C;01;08;3;  50;   240;    23;   240;     7;0.097;  0.0;Tue May 30 19:33:36 2017
C;01;09;3; 100;   250;     2;   250;    28;0.201;  0.0;Tue May 30 19:33:46 2017
C;01;09;3; 100;   260;    12;   260;    18;0.199;  0.0;Tue May 30 19:33:56 2017
C;01;09;3; 100;   270;    22;   270;     8;0.200;  0.0;Tue May 30 19:34:06 2017
C;01;10;3; 150;   280;     1;   280;    29;0.304;  0.0;Tue May 30 19:34:16 2017
C;01;10;3; 150;   290;    11;   290;    19;0.303;  0.0;Tue May 30 19:34:26 2017
C;01;10;3; 150;   300;    21;   300;     9;0.303;  0.0;Tue May 30 19:34:36 2017
C;01;11;3; 200;   310;     0;   310;    30;0.405;  0.0;Tue May 30 19:34:46 2017
C;01;11;3; 200;   320;    10;   320;    20;0.405;  0.0;Tue May 30 19:34:56 2017
C;01;11;3; 200;   330;    20;   330;    10;0.406;  0.0;Tue May 30 19:35:06 2017
C;01;11;3; 200;   340;    30;   340;     0;0.405;  0.0;Tue May 30 19:35:16 2017
C;01;12;3; 250;   350;     9;   350;    21;0.509;  0.0;Tue May 30 19:35:26 2017
C;01;12;3; 250;   360;    19;   360;    11;0.510;  0.0;Tue May 30 19:35:36 2017
C;01;12;3; 250;   370;    29;   370;     1;0.509;  0.0;Tue May 30 19:35:46 2017
D;01;01;3;   0;     0;     0;     0;    30;0.003;  0.0;Tue May 30 19:43:51 2017
D;01;06;3; 250;    10;     0;    10;    30;0.009;  0.0;Tue May 30 19:44:01 2017
C;01;11;3; 200;    20;     0;    20;    30;0.403;  0.0;Tue May 30 19:44:11 2017
C;01;12;3; 250;    30;     6;    30;    24;0.508;  0.0;Tue May 30 19:44:21 2017
C;01;12;3; 250;    40;    16;    40;    14;0.507;  0.0;Tue May 30 19:44:31 2017
C;01;12;3; 250;    50;    26;    50;     4;0.508;  0.0;Tue May 30 19:44:41 2017
D;01;01;3;   0;     0;     0;     0;    30;0.003;  0.0;Tue May 30 19:48:18 2017
D;01;02;3;  50;    10;     0;    10;    30;0.004;  0.0;Tue May 30 19:48:28 2017
D;01;03;3; 100;    20;     0;    20;    30;0.005;  0.0;Tue May 30 19:48:38 2017
D;01;04;3; 150;    30;     2;    30;    28;0.007;  0.0;Tue May 30 19:48:48 2017
D;01;05;3; 200;    40;     5;    40;    25;0.008;  0.0;Tue May 30 19:48:58 2017
C;01;07;3;   0;    50;     2;    50;    28;0.002;  0.0;Tue May 30 19:49:08 2017
C;01;08;3;  50;    60;     4;    60;    26;0.094;  0.0;Tue May 30 19:49:18 2017
