C;01;01;0;   0;     0;     0;     0;    30;1.291;2300.0;Tue May 30 07:14:38 2017
C;01;01;0;   0;    10;    10;    10;    20;1.290;2300.0;Tue May 30 07:14:48 2017
C;01;01;0;   0;    20;    20;    20;    10;1.290;2300.0;Tue May 30 07:14:58 2017
C;01;01;0;   0;    30;    30;    30;     0;1.290;2300.0;Tue May 30 07:15:08 2017
C;01;02;0;  50;    40;     9;    40;    21;1.299;2300.1;Tue May 30 07:15:18 2017
C;01;02;0;  50;    50;    19;    50;    11;1.300;2300.3;Tue May 30 07:15:28 2017
C;01;02;0;  50;    60;    29;    60;     1;1.300;2300.4;Tue May 30 07:15:38 2017
C;01;03;0; 100;    70;     8;    70;    22;1.309;2300.7;Tue May 30 07:15:48 2017
C;01;03;0; 100;    80;    18;    80;    12;1.309;2300.9;Tue May 30 07:15:58 2017
C;01;03;0; 100;    90;    28;    90;     2;1.309;2301.2;Tue May 30 07:16:08 2017
C;01;04;0; 150;   100;     7;   100;    23;1.319;2301.6;Tue May 30 07:16:18 2017
C;01;04;0; 150;   110;    17;   110;    13;1.319;2302.0;Tue May 30 07:16:28 2017
C;01;04;0; 150;   120;    27;   120;     3;1.320;2302.4;Tue May 30 07:16:38 2017
C;01;05;0; 200;   130;     6;   130;    24;1.330;2302.9;Tue May 30 07:16:48 2017
C;01;05;0; 200;   140;    16;   140;    14;1.331;2303.5;Tue May 30 07:16:58 2017
C;01;05;0; 200;   150;    26;   150;     4;1.331;2304.0;Tue May 30 07:17:08 2017
C;01;06;0; 250;   160;     5;   160;    25;1.341;2304.7;Tue May 30 07:17:18 2017
C;01;06;0; 250;   170;    15;   170;    15;1.343;2305.3;Tue May 30 07:17:28 2017
C;01;06;0; 250;   180;    25;   180;     5;1.343;2306.0;Tue May 30 07:17:38 2017
C;01;07;0; 300;   190;     4;   190;    26;1.353;2306.8;Tue May 30 07:17:48 2017
C;01;07;0; 300;   200;    14;   200;    16;1.354;2307.6;Tue May 30 07:17:58 2017
C;01;07;0; 300;   210;    24;   210;     6;1.355;2308.5;Tue May 30 07:18:08 2017
C;01;08;0; 350;   220;     3;   220;    27;1.364;2309.3;Tue May 30 07:18:18 2017
C;01;08;0; 350;   230;    13;   230;    17;1.366;2310.3;Tue May 30 07:18:28 2017
C;01;08;0; 350;   240;    23;   240;     7;1.367;2311.3;Tue May 30 07:18:38 2017
